Set 08 LDA :
	Training :  0.36089786965956555 
	Development :  0.3600906727115141 
	Evaluation :  0.31942129475298353
Set 09 LDA :
	Training :  0.962019924039848 
	Development :  0.9181596726386906 
	Evaluation :  0.9735878943515774
Set 10 LDA :
	Training :  0.5301653016530166 
	Development :  0.5012501250125012 
	Evaluation :  0.489048904890489
